42951
43409
43904
44035
43902
43644
43913
43612
43917
43937
43879
43941
43843
43927
44026
43999
43724
43803
43689
43714
43667
43867
43840
43895
43994
44015
44083
44188
44151
44045
43873
43842
43865
43759
43800
43676
43546
43585
43700
43660
43631
43578
43645
43560
43610
43675
43603
43575
43644
43710
43484
43548
43347
43540
43509
43440
43430
43392
43352
43443
43507
43357
43323
43447
43589
43519
43348
43165
43155
43263
43415
43500
43650
43357
43506
43352
43150
43260
43387
43570
43461
43718
43607
43647
43896
43916
43804
43965
44029
43914
44091
44153
44002
44016
44091
43879
43771
43866
43952
44053
43790
43736
43558
43610
43710
43768
43664
43509
43402
43537
43571
43577
43493
43668
43636
43792
43692
43680
43637
43733
43714
43710
43745
43995
43956
44010
44003
44128
44186
44197
44166
44146
44059
44217
44399
44345
44363
44455
44357
44387
44159
44055
44165
44003
44182
44141
44298
44288
44412
44409
44511
44371
44248
44258
44093
44116
44167
44402
44399
44425
44495
44556
44503
44482
44450
44340
44338
44378
44326
44112
44036
43917
43944
44059
44136
44129
44280
44511
44604
44663
44587
44630
44629
44706
44636
44787
44665
44769
44832
44832
44804
44724
44830
44919
44806
44915
44927
44938
44853
44862
44925
44754
44866
44817
44797
44671
44688
44529
44513
44520
44651
44657
44574
44623
44684
44661
44720
44801
44525
44679
44737
44779
44695
44829
44971
45071
45051
45023
45076
45179
45209
45247
45229
45183
45183
45183
45149
45214
45175
45209
45337
45348
45329
45192
45251
45199
45256
45115
45186
45211
45233
45207
45082
45128
45110
45195
45305
45336
45262
45198
45240
45019
45020
45027
44919
44844
45024
44900
44950
45049
45075
45139
45135
44984
44998
44925
44838
44935
44919
44970
45003
45137
44996
45048
45142
45279
45261
45153
45231
45072
45007
44909
44864
44838
44720
44735
44891
44753
44420
44462
44456
44382
44461
44496
44444
44375
44452
44200
44103
43993
43967
44164
44178
44389
44407
44493
44463
44512
44527
44418
44387
44546
44663
44773
44691
44424
44573
44396
44338
44263
44400
44397
44374
44464
44490
44543
44451
44537
44554
44551
44596
44699
44799
44767
44635
44751
44731
44575
44756
44913
44909
44950
45056
45081
45003
45113
45125
45038
45076
45004
45044
44992
44980
44920
44856
44863
44701
44617
44531
44505
44458
44538
44586
44636
44391
44355
44496
44369
44282
44364
44297
44253
44409
44339
44446
44374
44366
44403
44492
44588
44476
44625
44739
44827
44911
44867
44888
44903
44974
44879
44785
44942
44990
44958
45175
45143
45212
45177
45158
45296
45266
45298
45273
45225
45205
45174
45246
45206
45179
45101
45108
44954
44966
44577
44618
44750
44998
45086
45118
45173
45120
45150
45116
45158
45165
45131
45044
44802
44692
44730
44740
44773
44769
44684
44708
44621
44526
44602
44589
44601
44722
44844
44993
45099
45081
45215
45296
45230
45408
45472
45692
45649
45738
45698
45541
45522
45463
45471
45658
45521
45494
45289
45301
45025
44967
45125
44986
45071
45052
45074
45149
45192
45118
45003
44928
44895
44961
44913
45035
44900
44888
44770
44793
44727
44854
44856
44891
44932
45025
45255
45209
45061
45034
44976
44982
44928
45025
45116
45231
45147
45258
45338
45196
45134
45176
45291
44946
44913
44924
44954
45074
45060
44972
45109
45117
45224
45271
45252
45084
45185
45343
45273
45233
45218
45234
45160
45029
44962
44817
44723
44773
44829
44783
44662
44498
44487
44398
44377
44313
44042
44142
44015
43853
43861
43792
44000
43929
44128
44163
44325
44232
44165
44123
44228
44195
44230
44375
44368
44316
44292
44342
44432
44312
44217
44202
44257
44358
44323
44533
44660
44622
44576
44793
44708
44649
44593
44564
44728
44454
44691
44681
44687
44778
44817
44840
44872
44777
44598
44439
44703
44760
44847
44779
44700
44677
44800
44757
44578
44484
44651
44586
44334
44375
44338
44230
44410
44510
44503
44276
44189
44450
44364
44339
44421
44427
44565
44610
44734
44790
44839
45062
45067
44941
44791
44722
44764
44782
44886
44898
44773
44652
44570
44498
44361
44486
44362
44377
44412
44273
44132
44283
44510
44615
44680
44869
44774
44994
45003
44927
44917
44927
45006
44802
44664
44710
44647
44578
44551
44568
44534
44437
44246
44159
44229
44108
44148
44204
44297
44266
44220
44150
44185
44406
44472
44437
44408
44461
44443
44359
44308
44404
44395
44216
44349
44213
44245
44290
44105
44242
44353
44432
44436
44441
44308
44413
44531
44592
44768
44631
44459
44766
44700
44823
44685
44759
44674
44756
44753
44892
44883
44942
45024
45053
45004
45201
45248
45283
45226
45330
45354
45279
45299
45449
45433
45367
45397
45276
45281
45109
44987
45027
44972
45018
44958
45005
44826
44846
44847
44839
44830
44774
44938
44920
44918
44861
45005
44939
44890
44903
44818
44714
44979
44945
44930
44915
44997
45020
44983
44955
44933
45028
45053
45082
45085
44890
45055
45127
45039
44905
45022
44939
45003
44980
44915
45048
44960
45016
44981
44765
44677
44767
44664
44597
44629
44716
44647
44716
44735
44761
44771
44624
44575
44610
44635
44629
44683
44594
44491
44467
44400
44445
44528
44580
44643
44529
44384
44385
44280
44493
44282
44271
44289
44320
44585
44502
44611
44320
44417
44330
44419
44474
44264
44432
44385
44510
44541
44591
44639
44647
44576
44526
44617
44385
44302
44283
44292
44216
44320
44355
44301
44277
44439
44520
44404
44546
44620
44900
45006
45028
45117
45325
45461
45335
45162
45046
44926
44947
44996
44932
44900
44744
44747
44569
44472
44672
44627
44804
44888
44952
44969
44918
44825
44745
44890
44866
44748
44688
44586
44472
44498
44477
44606
44579
44789
44847
44743
44904
44897
44868
44832
45048
44966
44906
44871
44799
44894
45056
45144
44999
45027
44782
44852
44868
44873
44849
44567
44587
44391
44535
44527
44667
44829
44776
44741
44614
44657
44713
44627
44588
44517
44490
44460
44544
44655
44655
44545
44762
44755
44936
44778
44608
44683
44598
44537
44511
44572
44598
44514
44566
44641
44733
44718
44787
44552
44516
44490
44313
44399
44467
44366
44089
44011
44123
44142
44214
44146
44112
44002
44084
44066
44159
44230
44304
44193
44150
44324
44376
44557
44501
44515
44589
44681
44668
44819
44902
44701
44663
44638
44652
44661
44673
44784
45074
44982
44997
45053
45062
45006
44958
44844
44878
44887
44881
44819
44815
44793
44735
44836
44977
44908
44906
45025
44976
44943
44941
44949
45068
44922
45107
45102
45159
45317
45173
45185
45164
45188
45182
45260
45230
45257
45208
45116
45047
45115
44967
44860
44855
44655
44737
44673
45013
44893
44939
44910
44949
44910
44791
44719
44533
44545
44586
44567
44565
44627
44877
44823
44973
45006
44968
44828
44897
44918
44937
44838
44748
44876
44782
44735
44598
44585
44515
44684
44726
44951
45291
45257
45345
45270
45275
45237
45174
45081
45024
45064
45197
45307
45375
45309
45207
45101
45107
45083
44994
44997
45059
45201
45059
45066
45118
45149
45077
45082
45212
45094
45177
45301
45372
45282
45285
45326
45162
44991
45043
45097
45014
45025
44983
44862
44783
44935
45043
44953
44998
44948
44856
44882
44926
44885
44811
44885
44910
44886
44943
44935
44895
44754
44791
44754
44924
44796
44912
44995
44828
44832
44731
44788
44801
44811
44759
44818
44818
44837
44900
44841
44703
44628
44613
44495
44594
44722
44773
44748
44775
44852
45089
45085
44978
45085
45221
45330
45301
45270
45243
45067
45195
45277
45234
45418
45443
45475
45445
45195
45259
45316
45395
45221
45222
45120
45296
45494
45425
45434
45450
45321
45302
45479
45361
45322
45539
45705
45653
45572
45637
45584
45416
45273
45388
45389
45301
45368
45102
45151
45087
45005
45110
45035
45018
45013
44735
44683
44827
44644
44584
44673
44656
44880
44735
44717
44901
45056
45022
45003
44999
44971
45035
45223
45270
45401
45312
45326
45386
45385
45444
45648
45543
45463
45463
45288
45263
45374
45390
45521
45589
45613
45523
45305
45278
45113
45208
45181
45188
45286
45263
45388
45443
45240
45029
45056
45104
45019
45272
45139
45135
45006
44907
45103
45101
44917
44876
44827
44799
44908
44820
44927
44941
45067
45012
45039
45062
44990
44840
44748
44820
44853
44998
45111
45159
45116
45009
45160
45174
45191
45065
45053
44941
44827
44871
44937
45177
45133
45130
45218
45174
45182
45194
45115
45126
45164
45143
45141
45182
45182
45048
45016
45057
45012
45086
45200
45370
45247
45293
45359
45600
45474
45644
45546
45558
45567
45619
45632
45545
45733
45627
45712
45683
45677
45359
45411
45297
45268
45390
45565
45468
45354
45340
45345
45329
45415
45322
45340
45326
45421
45378
45425
45453
45343
45183
45211
45378
45368
45201
45117
44978
44780
44903
44743
44848
44965
45010
45138
45065
45283
45292
45215
45241
45374
45262
45254
45223
45066
45031
45032
45179
45050
44761
44814
44734
44887
44954
44983
45085
44942
44912
44975
45048
44854
44948
45020
45118
45219
45218
45103
45219
45015
44978
44837
44633
44818
44696
44821
44885
44614
44741
44929
44981
45153
45107
45183
45197
45227
45357
45388
45382
45383
45396
45370
45480
45318
45455
45493
45466
45464
45427
45157
45024
45110
45145
45210
45134
45193
45358
45185
45316
45516
45327
45308
45188
45214
45089
45097
45209
45031
45272
45150
45226
45265
45317
45396
45416
45533
45414
45373
45248
45187
45196
45222
45078
45014
45114
45047
45216
45029
45228
45213
45233
45121
45166
45283
45373
45455
45295
45235
45118
45113
45129
45310
45441
45457
45330
45211
45390
45303
45139
45172
44980
45063
44913
44958
44856
45009
44913
45060
45048
45008
44919
44881
44855
44958
44932
44906
44931
45164
45210
45311
45393
45427
45488
45346
45370
45204
45046
44917
45181
45213
45374
45302
45288
45245
45259
45248
45392
45498
45520
45545
45592
45587
45675
45485
45641
45632
45531
45648
45726
45754
45676
45580
45710
45775
45865
45883
45605
45509
45356
45385
45261
45116
45152
45149
45161
45297
45374
45234
45227
45061
45129
45103
45175
45218
45245
45304
45291
45275
45562
45526
45438
45353
45306
45082
45032
44903
44885
44930
44918
45054
45119
45342
45180
45160
45350
45192
45224
45252
45193
45365
45468
45582
45478
45431
45443
45689
45583
45464
45351
45286
45271
45225
45217
45295
45274
45305
45189
45304
45348
45445
45481
45556
45669
45540
45534
45497
45458
45384
45512
45484
45212
45062
44963
45025
45175
45385
45357
45363
45479
45549
45568
45689
45614
45527
45486
45237
45293
45193
45188
45127
45204
45162
45263
45082
44984
45088
45014
45013
45181
45389
45504
45660
45669
45625
45543
45426
45454
45474
45507
45467
45557
45512
45247
45242
45233
45342
45307
45122
45268
45233
45164
44967
45091
45047
45272
45416
45572
45435
45484
45464
45499
45239
45020
45077
45060
44856
44984
44933
44903
45080
44954
44891
44988
44835
44779
44709
44912
45252
45134
45141
45135
45179
45411
45407
45353
45282
45379
45258
45390
45441
45546
45653
45642
45487
45600
45734
45592
45621
45502
45528
45570
45655
45556
45581
45314
45331
45256
45176
45080
45330
45181
45374
45395
45436
45192
45002
45006
45048
45242
45149
45163
45195
45243
45314
45143
45154
44914
44745
44785
44692
44820
44641
44816
44904
44921
44906
44873
44923
44969
45037
45005
45187
45315
45568
45568
45460
45673
45678
45722
45732
45674
45815
45914
45818
45817
45881
45929
45954
45806
45786
45707
45565
45634
45617
45635
45695
45663
45813
45737
45688
45792
45803
45827
45839
45716
45601
45510
45453
45359
45284
45334
45573
45433
45549
45588
45586
45711
45716
45638
45509
45401
45496
45484
45619
45687
45888
45859
45905
45871
45654
45577
45609
45800
45851
45849
45866
45667
45780
45833
45946
45851
46093
45962
46017
46043
45950
45892
45811
45772
45700
45621
45673
45650
45695
45700
45470
45415
45347
45378
45526
45489
45476
45418
45436
45428
45481
45783
45839
45765
45897
45844
45708
45674
45753
45758
45893
45744
45748
45481
45429
45437
45189
45254
45172
45224
45119
45008
45018
45115
45187
45294
45343
45554
45642
45560
45656
45433
45257
45225
45304
45371
45328
44950
45104
45053
45112
45210
45224
45284
45305
45497
45636
45716
45781
45844
45664
45625
45724
45771
45618
45596
45401
45335
45198
45100
45108
45117
45119
45118
45212
45243
45334
45126
45128
45155
45214
45469
45567
45696
45700
45715
45800
45685
45720
45491
45279
45394
45441
45644
45789
45749
45767
45831
46055
46198
46263
46212
46108
46154
46109
45803
45778
45855
45742
45557
45598
45644
45588
45674
45633
45532
45439
45616
45580
45549
45444
45638
45625
45470
45378
45408
45369
45386
45362
45083
44990
45079
45233
45256
45262
45386
45579
45678
45831
45991
46198
46257
46376
46392
46340
46240
45883
45846
45820
45905
45851
45919
45843
45748
45942
45700
45699
45707
45543
45768
45774
45774
45810
45884
45804
45818
45930
45983
45969
45831
45888
45851
45826
45758
45608
45586
45517
45487
45484
45451
45458
45558
45702
45575
45730
45623
45626
45417
45309
45364
45693
45667
45612
45608
45669
45708
45745
45579
45694
45636
45636
45673
45678
45735
45917
45854
45795
45878
45931
45981
45965
46002
46044
46089
46081
46169
46208
46280
46150
46081
46160
46188
46075
45971
45904
45881
45998
46076
46008
46088
46032
46032
45778
45830
46004
45962
45755
45826
45712
45849
45885
45833
45846
45813
45450
45589
45497
45513
45654
45693
45616
45903
46081
46259
46106
46063
45866
46059
45964
45918
45833
45884
45886
45851
45927
45970
45955
45939
45814
45798
45871
45894
46101
46205
46281
46281
46311
46335
46207
46240
46158
46104
46178
46304
46331
46290
46452
46413
46549
46576
46559
46453
46377
46518
46530
46600
46637
46634
46641
46665
46603
46620
46759
46810
46825
46812
46659
46541
46510
46479
46463
46302
46333
46336
46249
46271
46091
46082
46135
45995
46051
46050
45985
45969
45898
46009
46128
46176
46242
46326
46207
46052
45805
45907
45843
45850
45882
45875
45805
45807
45732
45573
45446
45310
45425
45347
45394
45503
45547
45539
45696
45696
45559
45766
45926
45660
45803
45885
45985
46016
45926
45962
46061
45917
45938
46010
46152
45929
46162
46125
46084
45964
46074
46166
46228
46258
46159
46251
46263
46347
46414
46441
46389
46384
46539
46420
46449
46404
46429
46411
46508
46406
46366
46316
46294
46409
46296
46383
46419
46400
46449
46386
46307
46332
46363
46255
46012
46261
46238
46222
46182
46263
46295
46213
46254
46374
46378
46392
46229
46312
46117
46058
46126
46238
46309
46293
46183
46047
45963
46041
45961
46117
45950
46046
46113
45949
45971
45945
45872
45951
45858
45818
45864
45879
45912
45969
45943
45838
45679
45685
45774
45507
45458
45701
45727
45731
45791
45803
45879
46055
45978
46043
46068
46195
46223
46104
46000
46168
46497
46344
46392
46338
46256
46192
46213
46301
46296
46432
46344
46292
46257
46415
46392
46361
46289
46247
46244
46418
46346
46433
46406
46504
46541
46587
46590
46581
46410
46322
46311
46232
46202
46119
46125
46461
46474
46335
46294
46076
46113
46381
46438
46362
46569
46456
46244
46273
46130
46194
46256
46230
46215
46051
46092
46363
46373
46432
46566
46614
46594
46834
46669
46689
46764
46652
46654
46747
46701
46688
46623
46696
46637
46724
46882
46906
46931
46940
46804
46831
47004
46948
46719
46609
46695
46867
46835
46780
46833
46862
46692
46603
46510
46384
46375
46331
46264
46219
46407
46554
46275
46278
46500
46304
46415
46696
46798
46785
46762
46660
46641
46681
46548
46692
46809
46720
46659
46542
46514
46486
46233
46302
46310
46178
46234
46095
45881
45991
45933
45868
46018
45947
46129
46149
46280
46288
46259
46220
46122
45931
46008
46079
46174
46050
46189
46249
46201
46137
46177
46360
46356
46446
46416
46572
46582
46573
46494
46542
46492
46444
46467
46609
46537
46434
46595
46650
46587
46637
46620
46632
46661
46664
46608
46347
46305
46289
46555
46412
46594
46483
46518
46486
46557
46417
46513
46501
46388
46554
46590
46504
46565
46547
46529
46441
46372
46367
46264
46156
46325
46415
46264
46297
46260
46095
46311
46323
46484
46577
46620
46650
46629
46600
46568
46458
46548
46693
46878
46883
46885
46908
46759
46784
46887
46925
46923
46886
46592
46865
46695
46537
46623
46613
46657
46618
46643
46644
46771
46667
46691
46617
46638
46621
46673
46748
46641
46587
46531
46579
46604
46673
46887
46771
46680
46791
46671
46755
46796
46565
46522
46564
46682
46839
46880
46774
46815
46801
46742
46688
46676
46690
46813
46868
46790
46772
46797
46750
46755
46869
47118
47116
47213
47143
47143
47300
47336
47222
47144
47106
47024
46980
46965
46866
46915
46783
46761
46802
46956
47074
46984
47024
47004
47063
47131
47010
47066
47254
47064
47095
47224
47123
47160
47210
47028
47075
47049
46975
47136
47017
47115
47134
46924
46787
47053
47100
47097
46973
47022
46911
47003
47200
47203
47191
47106
47242
47222
47222
47215
46990
47027
47235
47349
47292
47030
47061
47078
47089
47185
47103
47086
47106
46960
46860
46933
46849
46849
46708
46834
46841
46962
47109
47071
47256
47206
47067
47004
47006
46899
46850
46927
46915
47003
46830
46713
46721
46820
46869
46811
46912
46984
47149
47208
47034
47247
47028
47242
47039
47127
47286
47244
47311
47328
47341
47146
47062
47180
47105
47140
47187
47323
47134
47277
47419
47500
47643
47458
47438
47346
47499
47425
47534
47497
47397
47345
47427
47397
47407
47451
47564
47589
47384
47209
47101
46955
46938
46892
46936
46838
46676
46651
46749
46716
46653
46815
46813
46715
46893
47002
47041
47124
47245
47057
47207
47166
47135
47179
47094
47200
47311
47343
47036
46899
46950
46997
47168
47123
47052
47221
47282
47440
47173
46935
47057
47306
47402
47384
47350
47126
47180
47278
47178
47435
47306
47493
47484
47616
47633
47711
47742
47893
47815
47778
47863
47734
47817
47762
47631
47532
47406
47308
47503
47307
47422
47278
47365
47272
47612
47492
47629
47474
47412
47359
47314
47487
47471
47351
47406
47423
47278
47300
47306
47292
47302
47395
47476
47511
47482
47596
47653
47746
47900
47614
47557
47803
47871
47871
47964
47953
47864
47871
47794
47744
47673
47701
47760
47868
47716
47582
47360
47369
47468
47323
47448
47337
47313
47132
47272
47193
47076
46928
47225
47207
47302
47276
47226
47228
47267
47274
47371
47367
47316
47338
47419
47152
47155
47004
47021
47255
47327
47653
47678
47591
47641
47578
47358
47246
47273
47312
47436
47211
47075
47077
47094
47083
46954
46953
46955
46853
46755
46768
47047
47118
47055
47192
47143
47137
47115
47230
47333
47252
47230
47245
47465
47541
47556
47513
47512
47571
47475
47516
47505
47416
47549
47439
47435
47524
47423
47464
47541
47442
47298
47219
47039
47098
47208
47178
47252
47173
47231
47336
47291
47361
47204
47324
47501
47429
47297
47249
47229
47040
47070
47204
47386
47467
47609
47725
47847
48029
48063
48037
47969
47888
48023
48033
47905
47931
48039
48094
48166
48071
48025
48028
47977
47933
48162
48075
48056
47908
47733
47555
47402
47321
47286
47173
47186
47201
47041
47009
47091
46972
47039
46876
46935
46909
46809
46678
46747
46712
46809
46981
46929
47059
46935
46910
47013
46715
46671
46548
46537
46421
46487
46697
46788
46890
46660
46617
46636
46611
46484
46675
46527
46468
46531
46491
46542
46533
46524
46612
46860
46908
46945
47195
47448
47576
47539
47644
47707
47703
47658
47498
47544
47723
47584
47470
47599
47504
47576
47549
47508
47486
47545
47480
47679
47492
47500
47504
47504
47647
47814
47913
47963
48014
47652
47659
47812
47982
47931
47868
47920
47774
47770
47625
47713
47976
47999
47902
47951
48038
47951
47812
47770
47730
48023
47842
47972
47864
47920
47828
47683
47585
47447
47447
47451
47551
47459
47460
47673
47823
47877
47772
48062
48028
47962
47962
47966
47929
47925
48044
47961
47794
47783
47741
47816
47681
47783
47827
47888
47779
47788
47456
47510
47617
47590
47614
47647
47591
47631
47618
47564
47809
47633
47656
47734
47849
47944
47798
47608
47581
47580
47589
47446
47577
47555
47675
47953
47770
47519
47445
47297
47055
47331
47423
47560
47564
47477
47524
47550
47308
47302
47339
47406
47430
47195
47281
47301
47203
47186
47162
47163
47323
47291
47393
47255
47295
47248
47133
47187
47049
46903
46833
47222
47180
47258
47192
47261
47277
47301
47464
47431
47303
47420
47432
47422
47547
47423
47439
47526
47442
47439
47544
47729
47630
47564
47642
47837
47924
48008
48092
48288
48168
48141
48356
48227
48269
48212
48193
48251
48041
48042
48147
48069
48091
48154
48211
48357
48197
48036
48061
48153
48258
48370
48432
48419
48466
48486
48516
48492
48441
48430
48537
48655
48564
48710
48701
48641
48623
48571
48747
48754
48808
48779
48699
48621
48577
48589
48652
48636
48423
48464
48384
48319
48319
48399
48337
48508
48395
48314
48247
48145
47977
47875
47832
48054
48174
48040
48036
48110
48023
48236
48256
48283
48204
48178
48430
48355
48337
48240
48307
48223
48326
48184
48285
48151
48288
48407
48364
48282
48384
48228
48323
48398
48488
48589
48593
48351
48134
48259
48236
48237
48030
48037
48124
48088
47986
48055
48083
48173
48188
48168
48134
48401
48617
48614
48518
48466
48395
48407
48424
48486
48597
48396
48417
48353
48507
48353
48291
48279
48257
48127
48374
48448
48470
48359
48577
48551
48452
48541
48457
48523
48488
48547
48562
48193
48130
48234
48367
48296
48238
48243
48149
48069
47992
48333
48509
48682
48680
48706
48643
48602
48590
48562
48406
48415
48504
48546
48698
48659
48591
48634
48482
48415
48269
48332
48275
48333
48354
48254
48248
48329
48483
48543
48471
48549
48600
48658
48639
48742
48762
48845
48713
48553
48515
48412
48488
48595
48506
48714
48421
48549
48606
48493
48443
48593
48687
48636
48609
48578
48552
48335
48318
48390
48481
48408
48294
48263
48203
48287
48364
48184
48298
48253
48398
48455
48521
48569
48628
48530
48541
48507
48416
48552
48549
48567
48713
48622
48587
48769
48908
48994
49144
49065
48929
48921
48966
48804
48666
48611
48645
48435
48579
48516
48573
48445
48341
48382
48218
48380
48200
48444
48418
48397
48309
48214
48284
48343
48533
48581
48458
48520
48621
48510
48504
48573
48546
48531
48699
48589
48752
48672
48559
48531
48759
48773
48773
48982
48989
48916
48878
48814
48721
48503
48454
48465
48367
48389
48315
48422
48435
48519
48340
48417
48367
48209
48337
48379
48401
48511
48597
48710
48540
48630
48610
48692
48784
48690
48500
48577
48537
48417
48497
48633
48434
48376
48309
48127
48096
47889
47857
47797
48004
48030
47839
47988
48022
47760
47839
47815
47913
47889
47938
47915
48027
48025
48174
48292
48359
48408
48379
48596
48537
48397
48230
48383
48257
48311
48185
48251
48264
48386
48370
48544
48698
48612
48361
48403
48504
48561
48635
48518
48371
48410
48492
48441
48614
48539
48568
48592
48678
48580
48585
48548
48506
48412
48432
48445
48545
48607
48785
48863
48767
48710
48897
48799
48746
48878
48670
48555
48608
48644
48703
48682
48843
48714
48774
48959
49095
49184
49478
49466
49489
49551
49583
49463
49437
49453
49215
49252
49287
49168
49007
48865
48813
48899
48737
48753
48911
49053
49180
49044
48986
48822
48857
48975
49124
49033
48960
49155
49175
49000
49106
49285
49183
49017
48975
49338
49366
49343
49348
49320
49217
49246
49268
49455
49407
49457
49394
49461
49342
49236
49185
49057
49112
49157
49053
48947
48907
48957
49054
49061
49139
49323
49486
49510
49382
49246
49543
49377
49399
49379
49358
49415
49271
49127
49071
48980
48934
48945
48989
48667
48680
48855
48595
48769
48640
48608
48724
48539
48493
48493
48542
48670
48711
48772
48989
48964
48847
48924
48799
48866
48757
48575
48647
48805
48871
49087
48956
48842
48814
48528
48502
48580
48568
48742
48851
48904
49000
48966
48802
48902
48967
48933
48893
49054
49003
49022
49075
49053
49302
49406
49382
49235
49124
49118
49184
49294
49375
49323
49450
49417
49360
49191
49072
48987
48860
48762
48676
48797
48666
48817
48805
48756
49049
49045
49023
49119
49127
49207
49247
49267
49104
49004
49183
48990
48952
48920
48866
48823
48677
48581
48719
48786
48770
48805
48984
48990
49067
49052
49020
48939
49025
48924
48974
48796
48841
49011
49006
49075
49119
49257
49102
49029
48829
48809
48702
48829
48988
49068
49129
49116
49144
49403
49233
49285
49153
49150
49075
49039
48909
49108
49246
49339
49298
49391
49438
49479
49658
49703
49614
49463
49361
49391
48928
48981
49053
49074
49074
49196
49264
49251
49168
49176
49259
49237
49168
49147
49343
49238
49074
49170
49275
49363
49350
49376
49450
49249
49080
49174
49054
48769
48598
48925
49098
49296
49420
49417
49294
49250
49048
49092
49103
49353
49449
49555
49504
49192
48994
48802
48636
48335
48433
48374
48441
48487
48580
48513
48725
48792
48805
48657
48606
48612
48611
48660
48657
48608
48616
48716
48632
48640
48605
48755
48896
48845
48959
48879
48936
48966
48835
48708
48803
48746
48866
48875
49151
49086
49102
49245
49073
48996
49046
48974
49068
49312
49387
49537
49689
49703
49716
49669
49800
49707
49715
49573
49552
49469
49363
49326
49375
49468
49542
49533
49529
49550
49525
49464
49471
49471
49554
49615
49605
49512
49777
49822
50104
49928
49895
49808
49836
49825
49829
49868
49826
49784
49712
49734
49781
49774
49634
49594
49595
49380
49336
49010
48794
48629
48611
48713
48840
48856
48613
48736
48652
48585
48770
48877
48814
48780
48727
48639
48692
48880
48954
49193
49214
49163
49168
49254
49232
49233
49306
49333
49534
49385
49515
49499
49642
49728
49823
49549
49548
49450
49578
49620
49471
49629
49572
49412
49289
49304
49160
49263
49388
49487
49449
49532
49613
49542
49568
49355
49543
49462
49521
49420
49447
49660
49654
49400
49308
49303
49435
49508
49543
49471
49433
49581
49573
49590
49725
49743
49764
49711
49932
50324
50410
50609
50481
50419
50387
50382
50263
50253
50271
50398
50523
50656
50431
50356
50258
50207
50398
50152
50087
49858
49553
49431
49387
49398
49503
49485
49594
49762
49726
50024
50034
49855
49853
49850
49936
49898
49833
49913
49872
49931
49873
49928
49802
49771
49710
49629
49387
49261
49242
49245
49190
49568
49333
49387
49383
49478
49410
49415
49491
49555
49747
50003
50100
49943
50073
50105
49971
49989
49813
50022
50133
50042
50003
50058
49974
50012
49817
49818
49813
49789
49974
50090
49941
50018
50140
50026
49816
49728
49584
49510
49589
49572
49581
49526
49477
49358
49614
49503
49350
49317
49337
49316
49162
49255
49284
49651
49430
49186
49289
49288
49359
49520
49560
49526
49369
49217
49585
49749
49829
49765
49650
49861
49811
49790
49733
49891
49988
49980
49894
49864
49678
49715
49792
49859
50060
49917
49986
50110
49963
50105
50038
50114
50196
50318
50399
50351
50473
50371
50422
50237
50415
50352
50246
50278
50567
50528
50331
50470
50553
50413
50585
50593
50413
50364
50411
50472
50576
50642
50794
50939
51158
51091
51245
51226
51140
51184
51024
51085
51078
51208
51064
50999
51072
51018
51196
51050
51116
50960
50807
50720
50476
50436
50427
50471
50673
50722
50781
50885
50888
51043
50864
50850
50792
50673
50380
50307
50189
50302
50350
50351
50265
50036
50196
50074
50201
50240
50184
50111
49961
50009
50042
49883
49810
49785
49747
49787
49888
49839
49981
50129
50270
50113
50146
50103
50036
50052
49960
50000
49872
49688
49690
49725
49795
49811
49891
49792
49947
49950
50189
50085
50291
50373
50368
50402
50450
50549
50677
50723
50788
50708
50829
50793
50822
50763
50774
50883
50887
50540
50368
50483
50525
50452
50568
50669
50697
50726
50744
50893
50867
50987
50999
50982
50989
51129
51206
51007
50779
50640
50709
50477
50519
50465
50477
50463
50537
50429
50390
50409
50307
50310
50183
50064
50009
50059
49999
50167
50163
50350
50370
50299
50239
50274
50325
50479
50553
50471
50382
50238
50308
50351
50379
50439
50738
50740
50833
50724
50559
50489
50384
50459
50333
50404
50429
50401
50616
50706
50774
50770
50689
50861
50627
50645
50509
50521
50522
50378
50504
50567
50640
50591
50472
50467
50451
50572
50497
50361
50297
50479
50477
50460
50513
50352
50250
50199
50068
49962
50114
50125
50488
50425
50457
50359
50305
50479
50481
50502
50741
50786
50702
50679
50812
50723
50886
50955
51081
50886
50925
50937
51115
51086
50933
50800
50922
51135
51016
50774
50986
50809
50675
50636
50744
50849
50669
50661
50445
50500
50624
50429
50552
50622
50353
50560
50405
50570
50645
50620
50676
50622
50603
50646
50601
50593
50702
50684
50647
50659
50678
50576
50543
50385
50499
50588
50566
50593
50623
50781
50561
50564
50592
50551
50485
50460
50565
50679
50589
50500
50458
50350
50432
50626
50706
50511
50530
50636
50732
50773
50911
51053
51218
51122
51054
50892
51102
51087
51186
51278
51216
51367
51377
51477
51255
51217
51250
51196
51216
51138
51000
50804
50809
50799
50711
50587
50524
50548
50640
50516
50518
50493
50678
50587
50637
50642
50635
50612
50663
50675
50774
50883
50887
50946
50920
51100
50873
51003
51071
51271
51201
51145
51237
51201
51438
51475
51460
51406
51506
51339
51267
51047
50935
50891
50817
50947
50755
50772
50727
50797
50675
50581
50674
50790
50896
50872
51172
51180
51102
51023
50947
50922
51108
51384
51046
51241
51148
50979
51029
51020
51031
50964
51125
51186
51222
51145
50998
51158
50986
50924
50894
50946
51116
51113
51159
51211
51163
51292
51379
51293
51305
51220
51278
51402
51571
51578
51431
51298
51458
51452
51463
51300
51340
51236
51285
51256
51431
51384
51545
51448
51596
51606
51747
51629
51744
52027
52075
51900
51890
51996
51915
52029
52013
52077
52003
52209
52212
52491
52398
52525
52501
52591
52223
52084
52207
52103
52018
51941
51906
52034
52066
52063
52097
52150
52263
52266
52259
52239
52350
52429
52219
52043
51966
51951
51988
52104
52030
51848
51979
51874
51799
51996
51875
51897
51896
51923
52023
52064
52170
52095
52066
52180
52383
52361
52539
52480
52338
52500
52442
52364
52370
52359
52538
52519
52421
52553
52666
52606
52738
52670
52675
52621
52502
52461
52357
52231
52332
52284
52313
52389
52438
52330
52264
52219
52315
52405
52386
52374
52334
52345
52512
52592
52522
52427
52505
52215
52081
52144
52084
52281
52098
51953
52031
52032
52087
52263
52398
52444
52370
52321
52280
52123
51877
51666
51776
51632
51680
51553
51812
51854
51768
51728
51596
51391
51500
51584
51418
51592
51804
51686
51636
51727
51932
52159
52120
51975
51808
51904
51748
51700
51779
51736
51971
51820
51743
51776
51680
51882
51953
52002
51972
52062
52084
52163
52200
52121
52161
52334
52481
52528
52777
52542
52492
52443
52495
52333
52416
52507
52614
52523
52576
52458
52590
52581
52778
52595
52627
52670
52583
52422
52406
52418
52411
52389
52441
52360
52370
52477
52386
52403
52655
52586
52592
52448
52669
52487
52657
52715
52669
52727
52613
52761
52535
52354
52292
52269
52405
52583
52677
52847
52607
52857
52592
52489
52538
52454
52405
52385
52379
52291
52368
52467
52491
52450
52446
52413
52496
52230
52207
52354
52408
52398
52443
52411
52610
52638
52610
52754
52807
52591
52542
52418
52426
52489
52398
52510
52638
52515
52762
52609
52590
52865
52823
52812
52735
52775
52802
52798
52910
52680
52351
52409
52398
52298
52272
52195
52064
52243
52335
52208
52107
52210
52201
52330
52502
52512
52359
52216
52355
52381
52455
52407
52319
52324
52372
52336
52289
52332
52335
52200
52202
52059
52003
52184
52305
52299
52338
52180
52064
52117
52138
52106
52530
52488
52409
52430
52385
52429
52632
52489
52621
52639
52672
52666
52585
52489
52552
52204
52313
52278
52434
52531
52566
52397
52532
52667
52842
52931
52897
52745
52769
52756
52596
52659
52752
52768
52819
52934
53011
52974
52921
53082
52877
52774
52965
52970
52909
53009
52878
53158
53024
52874
52866
52657
52561
52487
52583
52612
52579
52652
52669
52718
52756
52631
52535
52470
52471
52618
52748
52846
52855
52953
53157
52947
52850
52821
52621
52604
52579
52448
52357
52241
52349
52451
52381
52389
52555
52511
52622
52671
52726
52686
52612
52678
52853
52569
52604
52575
52587
52623
52734
53025
52944
52808
52699
52687
52717
52423
52677
52898
52794
52652
52539
52579
52504
52504
52725
52765
52702
52533
52601
52801
52729
52811
52821
52768
52623
52853
52829
52751
52664
52833
52932
52882
52702
52868
52914
52972
52945
52932
52774
52843
52820
52860
52869
52812
52918
53066
53204
53020
53018
52915
52833
52800
52900
52943
52997
53110
53143
53316
53455
53472
53374
53632
53776
53479
53464
53383
53525
53477
53511
53337
53196
53059
53061
53166
53212
53262
53155
53288
53258
53138
53192
52952
52690
52847
52817
52881
53008
53001
52726
52718
52444
52496
52553
52587
52854
52886
52980
52720
52845
52960
53138
53205
53103
52966
52865
52775
52949
52739
52889
52829
52857
52922
52845
52641
52709
52711
52627
52532
52536
52799
52641
52431
52598
52810
52930
52893
52759
52601
52744
52849
52889
52888
52951
53072
53035
52964
52828
52795
52766
52763
52608
52780
53062
53064
53000
53091
52961
52879
52958
53136
53104
53148
52983
53082
53003
53008
52877
52936
53054
52991
52959
52895
53043
53046
53153
53382
53286
53246
53099
53052
52979
52746
52876
52814
52689
52934
52955
52996
53065
53142
53255
53415
53357
53353
53485
53538
53557
53395
53540
53546
53393
53425
53707
53892
53795
53724
53803
53564
53650
53765
53739
53873
53751
53930
53986
54058
53787
53872
53812
53555
53636
53658
53636
53589
53668
53728
53728
53731
53916
53931
54023
54016
53970
54132
54194
54048
53989
53997
54077
53662
53592
53698
53782
53857
53867
53865
53779
53542
53447
53328
53257
53118
53166
52998
52893
53057
53006
53096
53059
52843
52933
52888
52822
52800
52828
52806
53017
52844
52697
52686
52821
52949
52858
53013
53002
53111
53245
53286
53269
53258
53511
53603
53515
53692
53510
53268
53289
53155
53318
53422
53616
53469
53610
53351
53314
53485
53785
53717
53737
53646
53710
53861
53972
54002
54008
53901
53945
53917
53917
53787
53846
53762
53641
53631
53470
53506
53727
53760
53657
53556
53441
53220
53648
53509
53208
53391
53205
53358
53402
53386
53279
53431
53567
53578
53552
53759
53628
53709
53665
53672
53723
53680
53416
53669
53689
53739
53770
53619
53587
53556
53443
53455
53408
53515
53420
53484
53617
53597
53664
53727
53779
53911
53930
53801
53839
53543
53328
53186
53177
53267
53284
53414
53328
53343
53412
53417
53360
53412
53605
53629
53712
53608
53686
53794
54028
54117
53996
54271
54251
54208
54175
54275
54268
54354
54430
54354
54267
54153
54106
53991
53900
53701
53648
53694
53720
53607
53453
53520
53490
53644
53691
53609
53920
53544
53640
53511
53541
53506
53436
53565
53559
53363
53299
53481
53752
53633
53668
53694
53807
53646
53563
53813
53886
53882
53918
53766
53694
53772
53864
53633
53570
53737
53931
54023
54203
54056
54211
54237
54266
54186
54107
54124
54001
54005
53829
54068
54027
53961
54130
53936
54205
54281
54290
54249
54315
54157
54274
54239
54211
54293
54618
54434
54680
54746
54490
54613
54598
54618
54503
54537
54422
54509
54548
54725
54687
54858
54656
54589
54750
54666
54674
54703
54762
54636
54770
54683
54668
54723
54609
54585
54741
54805
54717
54837
55065
54969
54923
54958
54937
54961
54788
54884
54860
54788
54676
54383
54360
54524
54410
54264
54205
54228
54204
54004
54282
54506
54433
54211
54119
54330
54149
54133
54030
54038
54092
54303
54464
54424
54240
54230
54111
54151
54059
53966
53987
54049
54081
54158
54250
54224
54414
54464
54644
54919
54793
54855
54788
54740
54674
54790
54651
54689
54683
54756
54706
54780
54736
54780
54586
54590
54578
54571
54582
54803
54886
54903
54895
54900
54742
54739
54818
54586
54522
54685
54600
54474
54652
54464
54436
54558
54553
54408
54372
54535
54435
54668
54721
54724
54785
54596
54610
54659
54615
54328
54444
54547
54588
54746
54677
54683
54709
54604
54785
54780
54626
54810
54753
54885
54926
54829
54743
54695
54707
54709
54769
54559
54559
54531
54506
54546
54614
54520
54628
54646
54673
54699
54520
54640
54564
54498
54432
54296
54462
54429
54548
54378
54336
54470
54595
54684
54670
54613
54396
54420
54629
54631
54594
54977
55049
55066
55141
55264
55477
55271
55379
55335
55407
55501
55325
55210
55423
55175
55320
54862
54625
54592
54693
54638
54663
54937
55177
55153
54946
55111
55010
55045
54789
54843
54719
54697
54584
54704
54585
54470
54632
54737
54862
54840
54526
54451
54431
54719
54901
55048
54919
54790
54570
54522
54295
54372
54445
54416
54473
54567
54624
54531
54641
54751
54876
54699
54837
55038
54946
54851
54901
55085
54953
54962
54867
54903
54755
54720
54799
54604
54588
54665
54742
54942
54914
55066
55108
55294
55138
55114
54917
55048
55211
55203
55203
55082
55007
55097
55179
55185
55190
55325
55208
55210
55416
55553
55723
55572
55467
55553
55482
55584
55665
55519
55638
55504
55749
55600
55731
55801
55421
55486
55379
55358
55358
55282
55548
55606
55448
55371
55283
55281
55125
55335
55413
55500
55507
55470
55365
55303
55184
55141
55242
55311
55350
55773
55802
55598
55572
55366
55354
55472
55785
55811
55801
55801
55503
55394
55502
55537
55426
55234
55267
55222
55352
55383
55036
55193
55094
54992
55144
55169
55089
54945
54940
54658
54654
54725
54789
54728
54634
54728
54561
54802
54468
54535
54502
54581
54765
54696
54790
54671
54671
54880
54990
54850
54804
55036
54990
55117
54949
55124
55260
55218
55464
55519
55478
55666
55802
55844
55706
55532
55522
55473
55388
55336
55356
55136
55149
55337
55368
55495
55268
55152
55141
55087
55027
54776
54913
54997
55205
55432
55317
55118
55238
55341
55542
55489
55582
55444
55413
55197
55356
55529
55677
55603
55764
55940
55848
55846
55955
55943
55632
55515
55435
55756
55733
55906
55921
55751
55935
56030
56219
56140
56159
56236
56241
56314
56235
56261
56034
55959
55842
55827
55943
55974
56028
56238
56036
56024
55874
55954
56075
56072
55700
55672
55784
55918
56051
56011
56050
56060
55939
55855
55777
55558
55346
55573
55601
55643
55530
55544
55619
55684
55652
55512
55620
55367
55469
55383
55445
55529
55596
55591
55671
55696
55810
55692
55608
55448
55467
55368
55381
55583
55631
55550
55690
55823
55665
55798
56051
55869
55803
55833
55865
55773
55784
55775
55852
55888
56089
56109
56089
56207
56113
56181
55987
55742
55742
55952
55883
55834
55877
55738
55568
55478
55590
55503
55390
55489
55392
55330
55380
55232
55421
55707
55709
55713
55932
55696
55698
55722
55860
55789
55867
55659
55462
55581
55445
55581
55652
55758
55850
55788
55634
55527
55457
55564
55832
55743
55545
55483
55354
55369
55560
55679
55891
55902
55946
55773
55796
55762
55815
55896
55909
55868
55962
55901
55951
55975
55869
55995
55781
55933
55897
55875
55818
55697
55585
55579
55442
55564
55513
55624
55802
55842
55989
55670
55388
55382
55437
55593
55726
55701
55703
55720
55585
55459
55306
55518
55642
55556
55707
55807
55692
55870
55643
55512
55635
55631
55692
55676
55638
55530
55530
55527
55488
55220
55166
55192
55165
55258
55355
55175
55224
55269
55604
55707
55874
55738
55757
55711
55707
55856
55987
55760
55926
55870
56060
56297
56361
56339
56171
55999
56147
56290
56468
56372
56439
56355
56462
56337
56332
56197
56304
56231
56267
56454
56620
56409
56451
56472
56509
56621
56367
56521
56506
56529
56496
56603
56454
56423
56565
56640
56613
56320
56250
56196
56355
56312
56356
56368
56132
56183
56133
55916
55987
56120
56211
56325
56334
56298
56135
56134
56201
56009
56037
56067
56227
56070
56264
56321
56316
56310
56085
56065
56036
55957
56077
56228
56281
56251
56069
56038
56063
56269
56422
56558
56592
56687
56797
56870
56832
56731
56862
56724
56653
56849
56848
56876
57061
57289
57209
57236
57149
57158
57187
57356
57282
57326
57012
57020
56976
57018
57000
56989
57005
57050
56830
56791
56690
56711
56802
56874
56991
57016
56997
57100
57198
57099
56902
56927
56988
57074
57122
57228
57182
57169
57173
57100
57017
57070
57127
57174
57158
57300
57031
57067
57091
56896
56750
56787
56701
56668
56619
56555
56699
56960
57064
56765
56948
56964
57043
57101
57046
56995
57183
57157
57111
56956
56975
56871
56770
57079
57169
57240
57169
57293
57293
57162
57081
57033
56808
56896
57088
57090
57120
56900
56874
57119
56963
57058
57131
57047
57133
57183
57202
56981
56967
57203
57080
57273
57162
57399
57310
57081
57141
57177
57086
57018
57150
57164
57017
57066
57378
57384
57248
57283
57419
57469
57595
57501
57701
57762
57417
57473
57604
57435
57330
57400
57556
57552
57572
57421
57471
57458
57570
57401
57388
57539
57487
57617
57502
57261
57227
57146
57061
57045
56927
57043
57069
57441
57293
57336
57336
56969
57002
57071
57098
57091
57076
56986
57059
57018
56883
57033
57163
57362
57376
57475
57488
57220
57329
57490
57317
57110
57060
56944
57029
56906
56780
56979
56825
56586
56793
56835
56826
56885
56986
56882
56938
56944
56956
56896
56861
56948
57042
57140
57136
57291
57273
57479
57371
57506
57528
57590
57566
57832
58057
57878
57910
57839
57980
57842
57855
57805
57989
58109
58305
58318
58347
58441
58371
58350
58290
58097
57952
58009
58052
58024
58039
57932
58288
58376
58245
58150
58146
57939
57905
58023
58066
58131
58105
58163
58181
58205
58257
58124
58135
57991
58212
58281
58151
58147
57953
57727
58000
58043
57951
58116
58212
58178
58030
58134
58121
58057
57962
58117
57950
57763
57897
57945
57904
57956
58096
57888
57948
58006
57940
57969
57959
57841
58047
58049
57884
58018
57897
57864
57837
57909
57734
57710
57641
57697
57831
57977
58112
58194
58089
57914
57766
57846
57833
57978
57809
57890
58024
57883
57893
57782
57833
57685
57574
57498
57453
57272
57535
57396
57291
57380
57318
57336
57261
57326
57474
57459
57680
57549
57563
57574
57507
57479
57547
57556
57379
57424
57398
57609
57736
57717
57648
57840
57762
57789
57941
57980
58034
57971
58040
58228
58236
58079
58176
58276
58312
58250
58187
58049
58089
58134
58196
58090
58103
58283
58211
58203
58269
58393
58353
58432
58331
58360
57967
58037
57790
57967
57936
58147
58422
58242
58291
58515
58408
58441
58348
58163
58152
58031
57877
57921
57945
58069
57977
58061
58170
58133
58265
58237
58124
58115
58202
57955
57956
57896
57909
57579
57548
57641
57765
58081
58101
57742
57708
57600
57822
58223
58129
58032
58197
58206
58071
58059
58073
58164
58363
58100
58235
58054
58043
58047
58024
58220
58121
58157
58118
58174
58283
58286
58165
58034
57909
57762
57841
57923
58032
57932
58165
58102
58116
58073
57935
58274
58323
58144
57959
58067
58022
58108
58301
58387
58565
58665
59000
58828
58688
58659
58510
58478
58487
58496
58523
58684
58766
58519
58688
58742
58701
58760
58497
58510
58454
58517
58338
58299
58703
58630
58643
58468
58204
58135
58146
58327
58380
58427
58433
58490
58386
58514
58599
58587
58768
58744
58634
58505
58625
58458
58434
58355
58570
58735
58695
58609
58361
58297
58351
58327
58602
58771
58606
58566
58634
58724
58840
58923
58655
58755
58758
58903
58731
58624
58754
58994
58790
58756
58677
58615
58630
58589
58401
58390
58255
58443
58497
58592
58456
58634
58737
58729
58648
58433
58494
58581
58695
58741
58648
58752
58868
58726
58638
58703
58704
58879
58771
58534
58424
57861
57972
57938
57999
58237
58445
58475
58128
58176
58377
58410
58399
58264
58497
59001
59069
59155
59288
59228
59258
59153
59178
59061
59252
59041
59002
58933
58935
58950
58749
58599
58696
58632
58831
58904
58885
59063
59357
59406
59500
59392
59140
58931
58848
58692
58653
58641
58494
58750
58698
58917
58758
58602
58707
58605
58700
58859
58646
58753
58690
58512
58762
58839
58964
58883
58917
58801
58675
58478
58578
58726
58925
59104
59243
59561
59480
59291
59151
59213
58933
58820
58958
59063
59196
59189
59112
59011
59088
59225
59502
59516
59358
59315
59170
59266
59403
59340
59430
59280
59119
59031
58888
58973
59026
58971
59085
59201
59194
59110
59044
59005
59068
59098
59175
59126
59140
59092
59027
59034
59103
59259
59102
58946
58736
58842
59007
59126
59085
58926
59183
59118
59164
59167
59265
59425
59469
59382
59339
59350
59233
59123
59082
58881
58969
59062
58940
58747
58948
58796
59018
58897
58858
59043
59258
59324
59393
59513
59465
59329
59439
59325
59377
59238
59429
59517
59569
59359
59541
59642
59576
59466
59143
59418
59377
59247
59376
59409
59513
59482
59618
59712
59839
59814
59666
59641
59582
59765
59802
59689
59495
59531
59432
59290
59417
59426
59387
59688
59686
59793
59530
59501
59791
59700
59536
59469
59558
59846
59729
59547
59522
59514
59765
59452
59550
59554
59420
59542
59459
59650
59720
59651
59422
59333
59473
59547
59596
59513
59385
59137
59142
59136
59180
59331
59467
59319
59226
59082
59149
59364
59118
59239
59212
59269
59401
59388
59428
59405
59417
59373
59371
59338
59284
59359
59337
59345
59521
59410
59373
59424
59368
59236
59525
59581
59757
59921
59985
59646
59590
59536
59607
59813
59605
59740
59792
60096
59792
59902
59855
59514
59509
59397
59469
59560
59741
59745
59908
60072
60063
60085
60244
60290
60180
60144
60102
60157
60135
60329
60206
60122
60194
60086
60175
60346
60392
60366
60158
60146
60021
60110
60300
60197
60285
60306
60181
60687
60818
60811
60797
60869
61008
60833
60836
60799
60845
60853
60749
60586
60374
60478
60367
60355
60373
60389
60278
60405
60328
60214
60113
60227
60278
60088
59981
59968
60135
60247
59970
60049
60035
60308
60332
60206
59901
59865
59867
60060
60132
59995
60007
59984
60257
60261
60506
60645
60338
60460
60249
60342
60258
60315
60117
60147
60178
60362
60479
60413
60379
60335
60283
60163
60026
59949
60041
60048
60073
60290
60248
60335
60038
60215
60184
60299
60279
60401
60474
60595
60817
60629
60669
60709
60769
60716
60675
60549
60501
60333
60263
60104
59965
59975
60011
59940
59901
59947
60057
60022
60327
60308
60585
60670
60757
60742
60747
60663
60660
60723
60901
60850
60857
60698
61048
60956
61100
61178
61157
61009
60834
60907
60872
60926
60787
60767
60757
60758
60803
60830
60842
60691
61080
61080
61120
61017
60891
60923
60770
60457
60463
60471
60796
60674
60686
60737
60646
60638
60797
60701
60527
60535
60482
60511
60498
60243
60249
60262
60265
60417
60595
60741
60891
60909
61038
61083
61307
61119
60859
60971
61105
61154
61332
61280
61304
61117
61305
61365
61305
61357
61359
61277
61608
61480
61504
61428
61293
61153
61061
61261
61357
61319
61115
61170
61072
60997
60981
60759
61030
61017
61177
61264
61307
61401
61264
61330
61310
61255
60823
60825
60700
60850
60787
60873
60735
60906
60837
60675
60716
60792
60768
60915
61022
61132
61044
61112
61002
60968
60875
61049
61056
60901
61062
60998
61047
61082
61042
61165
61159
61150
61139
61057
61037
61210
61387
61382
61274
61336
61293
61210
61404
61222
61444
61349
61436
61381
61461
61510
61592
61719
61589
61625
61700
61577
61483
61429
61492
61493
61585
61724
61622
61716
61661
61750
61732
61646
61748
61658
61716
61456
61453
61535
61716
61553
61401
61416
61335
61235
61386
61194
61370
61558
61528
61521
61478
61260
61293
61569
61714
61620
61553
61443
61339
61357
61353
61297
61388
61399
61499
61553
61712
61517
61463
61228
61265
61350
61426
61521
61572
61763
61672
61408
61307
61380
61340
61097
61094
61123
61082
61065
61074
61021
61117
61180
61466
61506
61446
61422
61439
61318
61384
61513
61651
61580
61680
61714
61661
61882
61658
61595
61653
61464
61325
61447
61657
61756
61636
61437
61424
61285
61298
61386
61193
61105
61075
61196
61385
61438
61528
61482
61621
61621
61650
61549
61452
61384
61350
61154
61248
61303
61243
61197
61155
61126
60980
61053
61149
61212
61321
61370
61247
61161
61179
61107
61210
61450
61434
61477
61665
61640
61702
61837
61865
61952
61910
62198
62344
62305
62326
62064
62011
61896
61902
61749
61761
61779
61809
61501
61435
61579
61432
61605
61859
61979
61929
61974
62014
61670
61769
61756
61697
61716
61642
61592
61677
61849
61897
61922
62247
62092
62263
62065
62068
61988
62073
61867
62114
62143
62137
62249
62114
61950
61967
62157
62116
61808
61728
61736
61604
61650
61691
61735
61768
61803
61750
61707
61869
61890
61863
61845
61878
61786
61750
61720
61727
61570
61559
61840
61650
61604
61612
61447
61570
61631
61845
61881
61669
61845
62004
62249
62078
62126
62016
62067
62105
61951
62013
62077
61934
61760
61889
61930
62129
62093
62008
61923
62130
62039
61847
61924
62002
62086
62153
62247
62361
62286
62424
62236
62219
62165
62261
62215
62320
62105
62309
62211
62451
62432
62728
62484
62581
62684
62723
62591
62487
62506
62510
62472
62528
62319
62340
62384
62353
62348
62263
62102
62240
61997
62153
62120
62269
62317
62480
62546
62539
62511
62493
62586
62687
62710
62718
62564
62424
62347
62230
62271
62308
62120
62064
62211
62266
62096
62223
62214
62139
62152
62279
62292
62414
62135
61961
62099
62109
61938
62073
61992
61984
62114
62273
62076
62115
62117
62265
62364
62365
62494
62824
62682
62470
62866
63097
63042
62911
62798
62888
62920
63182
63057
63052
63084
62871
62781
62900
62821
62816
62936
62889
62843
62695
62797
62939
63087
63108
63301
63048
62975
62899
62817
62976
62618
62529
62421
62449
62488
62633
62739
62722
62589
62664
62831
62801
62616
62466
62442
62088
62001
62028
62120
62295
62501
62430
62497
62485
62493
62377
62425
62199
62152
62130
62040
62281
62575
62727
62702
62607
62530
62648
62529
62482
62402
62396
62507
62584
62497
62405
62516
62576
62637
62858
62766
62815
62956
63120
63011
62695
62743
62989
62899
63017
63101
63097
63064
63092
63046
63065
62924
62855
63039
62931
63311
63255
63244
63198
63213
63154
62959
63077
63092
63183
62920
62928
63062
63021
63059
63128
63019
63013
63244
63122
63190
63114
63370
63159
63194
63182
63015
62892
62825
62847
62896
63014
63003
63048
63084
63241
63145
63191
63272
63181
63159
63091
62964
63217
63248
63499
63118
63027
62812
62633
62630
62717
62668
62808
62765
62941
62796
62811
63075
63032
62717
62686
62564
62841
63070
63155
63208
63317
63462
63569
63703
63555
63623
63666
63612
63615
63555
63636
63627
63754
63680
63595
63248
63227
63266
63074
63075
62956
62885
62843
62771
62784
62918
62777
62611
62522
62531
62638
62707
62742
62724
62632
62764
62778
62804
62842
62700
62809
62808
62843
62841
62852
62913
62832
63216
63203
63005
63020
62956
63178
63143
63103
62937
62921
62869
62922
62974
63012
63035
62925
62788
62636
62782
62813
63026
62833
62603
62420
62514
62659
62738
62819
62976
63123
63128
63261
63283
63318
63244
63377
63333
63270
63448
63554
63642
63888
63725
63826
63607
63748
63559
63407
63491
63532
63352
63724
63896
64001
63850
63899
63862
63890
63887
63886
63708
63732
63692
63817
63742
63680
63869
63945
63904
64055
63776
64077
64360
64413
64384
64491
64441
64412
64133
64123
63918
63906
63856
63861
63680
63538
63401
63426
63332
63406
63377
63340
63450
63314
63245
63505
63695
63406
63580
63567
63526
63658
63911
64053
64352
64384
64321
64244
64257
64186
64041
63920
63879
63665
63728
63752
63899
63990
63795
63745
63769
63851
63815
63756
63797
63651
63748
64022
63911
63873
63730
63795
63843
63943
63842
63725
63848
63728
63801
63862
63889
63849
63921
64016
64143
64075
63974
64090
63972
64112
64125
64379
64247
64130
64112
63893
63910
63920
63752
64000
64062
64030
63997
63948
63924
63905
63970
64200
64120
64248
64082
64055
63964
63877
63784
64086
64125
63983
64043
64157
64045
63988
64038
64019
64059
64134
64167
63889
63668
63574
63637
63770
63764
63761
63849
63823
63890
64101
64115
64403
64452
64508
64422
64509
64698
64690
64590
64699
64671
64889
64586
64670
64434
64413
64615
64761
64706
64567
64474
64305
64455
64761
64788
64608
64565
64551
64243
64241
64133
64139
64307
64290
64367
64582
64852
64856
64889
64872
64849
64788
64844
64938
64844
64795
64864
64768
64636
64779
64883
64949
64981
64978
65029
65113
65215
65269
65440
65262
65345
65273
65129
65016
65293
65297
65295
65444
65394
65136
64985
64993
65091
65128
65026
65054
64973
64805
65041
64825
64898
64732
64884
64777
64887
64997
65038
64787
64730
64820
64797
64848
64704
64615
64610
64642
64687
64457
64564
64685
64501
64445
64465
64385
64408
64499
64675
64620
64737
64782
64665
64400
64533
64586
64681
64554
64611
64625
64825
64664
64470
64513
64297
64558
64366
64516
64216
64238
64276
64255
64061
64045
64208
64112
63938
64108
64156
64116
63920
64030
64151
64356
64580
64835
64623
64520
64711
64616
64374
64648
64914
64912
65120
65193
65020
65364
65239
65172
65156
65286
65433
65365
65164
65362
65314
65347
65454
65651
65524
65540
65424
65382
65202
65144
65151
65416
65278
65186
65086
65043
65236
65417
65238
65108
64934
64760
64732
64588
64558
64616
64896
64967
64842
64654
64807
64754
64775
64618
64759
65193
65010
65034
64931
64857
64888
64857
64832
64881
64996
64989
64823
64869
65051
64950
64917
64944
64987
64652
64607
64484
64493
64624
64698
64868
65021
64939
64753
64524
64271
64378
64535
64954
65007
64716
64804
64770
64898
64854
64955
64968
64733
65020
65003
64846
64906
64845
65135
65188
65150
65125
64960
64849
64961
64916
64661
64891
64868
64781
64831
65025
65104
65338
65041
65195
65205
65345
65387
65242
65207
65233
65181
65084
65016
65024
64936
64940
65118
65186
65089
65257
65350
65253
65165
65345
65396
65369
65424
65548
65825
65837
65736
65619
65522
65590
65566
65428
65686
65703
65681
65694
65531
65406
65614
65822
65730
65762
65821
66009
65963
66052
65882
65871
65664
65609
65642
65753
65786
65873
65726
65810
65881
65756
65848
65691
65682
65949
65875
66038
65891
65756
65847
66041
66070
66206
65958
66050
65894
66038
66041
65818
65826
65928
65775
65936
65741
65754
65762
65754
65847
65843
65901
65846
66094
66038
66108
66117
65966
66039
66106
65806
65942
65811
65888
65947
65836
66130
66187
66034
65995
66084
66110
66072
65691
65702
65473
65474
65315
65342
65226
65445
65369
65241
65076
65135
65421
65567
65735
65793
65717
65746
65728
65877
65853
66080
65795
65634
65510
65241
65260
65304
65481
65443
65348
65440
65601
65774
65884
66026
66068
65980
66033
65923
65981
66100
66209
66435
66474
66477
66435
66463
66465
66496
66587
66544
66401
66345
66605
66541
66539
66556
66470
66408
66407
66201
66219
66568
66706
66721
66716
66678
66702
66699
66561
66458
66515
66402
66371
66296
66250
66032
65931
65964
66073
66114
66102
66248
66196
66281
66347
66415
66260
66246
66281
66150
66187
66221
66154
66146
66191
66406
66160
66230
66223
65987
65929
65960
66013
65843
65744
65744
65914
66092
66214
66180
66194
66381
66550
66658
66485
66569
66564
66476
66510
66421
66545
66568
66812
66904
66902
66745
66894
66943
66808
66634
66480
66506
66724
66907
66896
66884
66716
66630
66673
66632
66606
66553
66591
66673
66580
66555
66549
66423
66422
66315
66123
66047
66507
66539
66643
66753
66873
66656
67026
66957
66948
66947
67109
67319
67458
67415
67427
67252
67055
67175
67145
67247
67175
67232
67221
67258
67391
67479
67329
67283
67096
67025
66769
66780
66735
66793
66669
66778
66833
66907
66853
66812
66487
66695
66828
66696
66455
66610
66780
66589
66494
66601
66643
66967
67083
67001
67134
66967
67034
67035
67064
67072
67179
67128
66976
67208
67352
67243
67109
66985
67039
67173
67016
66848
66993
66966
66820
66702
66427
66223
66179
66554
66450
66333
66411
66479
66361
66532
66549
66581
66436
66438
66446
66556
66820
67004
66951
67136
67167
67213
67163
67051
67094
66848
67124
67085
67054
67336
67069
66873
66795
66869
66887
66655
66746
66714
66954
67056
67100
66956
67125
67314
67255
66922
66998
67187
67145
67226
67321
67238
67362
67388
67454
67304
67387
67406
67476
67490
67392
67447
67613
67611
67569
67566
67571
67546
67609
67525
67364
67356
67509
67546
67618
67424
67309
67129
67005
66819
66806
66702
66886
66959
67237
67288
67473
67536
67286
67225
67080
66998
66788
66706
66721
66525
66538
66588
66769
66924
66934
66806
66896
67119
67152
67234
67278
67226
67454
67189
67143
67380
67636
67627
67680
67447
67308
67301
67365
67510
67377
67547
67640
67519
67580
67451
67491
67550
67540
67570
67721
67799
67745
67893
68192
68204
68202
68026
67952
67838
67871
67826
67718
67625
67910
67743
67650
67803
67476
67642
67671
67748
67858
67837
67876
67852
68090
67991
68261
68391
68236
68468
68435
68725
68429
68596
68561
68524
68406
68244
68231
68133
68124
68151
68087
68142
68164
68458
68153
68069
67999
67893
67962
67880
67990
67974
67986
67917
67898
67945
68101
68333
68099
67993
67784
67761
67858
67874
67850
67900
68023
67965
68035
67922
67950
68016
67890
67888
67754
67905
67859
67732
67975
67929
67970
67992
67911
67931
68011
68072
67890
67849
68055
68072
67995
67793
67909
68050
68211
68108
67976
68085
67957
68027
67985
68031
68137
68183
68231
68364
68593
68731
68885
68578
68368
68099
68002
67952
67873
67907
67843
67981
67954
67973
68035
67797
67757
67881
67962
67632
67807
67707
67600
67392
67560
67737
67742
68061
67983
67833
67905
67827
68054
68221
68052
68073
67977
67984
68278
68060
68107
68345
68235
68440
68426
68366
68257
68328
68247
68290
68414
68110
68046
68094
68201
68237
68274
68356
68290
68457
68340
68336
68377
68419
68412
68304
68535
68722
68976
68934
68980
69162
69327
68955
68824
68802
68857
69098
69161
69039
68724
68755
68752
68955
68752
68746
68613
68685
68850
69137
69123
68996
68807
68775
68666
68549
68590
68487
68653
68600
68704
68515
68545
68456
68213
68307
68320
68296
68492
68600
68852
68924
68787
68920
69025
69152
69253
69205
69345
69449
69398
69401
69333
69177
69120
69087
68843
68681
68695
68718
68598
68522
68565
68417
68657
68685
68534
68397
68248
68190
68044
68215
68094
67786
67766
67713
67907
68100
68124
68177
68244
68410
68350
68345
68273
68246
68379
68578
68582
68393
68243
68345
68272
68419
68460
68752
68872
69151
69302
69238
69115
69265
69085
69073
69017
69164
69271
69293
69136
69005
69039
69075
69015
69197
69166
68981
69179
69225
69232
69187
69229
69360
69423
69460
69521
69372
69130
69129
68941
68881
68971
68976
68850
68852
68913
69037
68902
68946
68745
68754
68517
68405
68388
68485
68487
68437
68615
68685
68770
69051
69047
68913
68779
68688
68510
68479
68530
68765
68903
68990
69088
68905
68819
68850
68804
68565
68635
68630
68814
68659
68504
68631
68957
69138
69255
69164
69409
69630
69674
69757
69844
69677
69409
69314
69177
69046
69544
69450
69366
69221
69055
69073
68999
68882
69133
69270
69290
69169
68837
69175
69255
69342
69327
69037
69043
69292
69474
69756
69628
69588
69372
69112
69159
69463
69239
69245
69306
69305
69187
69313
69326
69332
69422
69157
69316
69361
69234
69402
69295
69286
69395
69438
69546
69620
69749
69773
69755
69622
69659
69533
69600
69294
69084
69269
69174
69166
69385
69249
69258
69062
69255
69238
69262
69149
69168
69307
69388
69436
69300
69381
69389
69375
69591
69504
69431
69223
69379
69317
69355
69284
69208
69066
68912
69177
69309
69536
69656
69675
69678
69759
69974
69856
69834
69543
69495
69602
69572
69564
69621
69624
69781
69875
69980
70069
69955
69869
69812
69836
69743
69813
69984
69905
70119
70133
70290
70196
70397
70045
70141
70151
70259
70482
70441
70391
70306
70151
70140
70350
70320
70160
70106
70435
70501
70413
70178
70045
70047
70267
70241
70111
70029
70041
69974
69718
69638
69511
69326
69197
69106
69144
69312
69422
69253
69311
69272
69205
69386
69299
69363
69493
69810
69856
69844
70078
70211
70469
70414
70151
70165
70091
69907
70055
70172
70232
70164
70305
70317
70424
70252
70284
70381
70284
70090
70139
70349
70322
70637
70745
70842
70688
70732
70774
70572
70749
70794
70841
70891
70913
71071
71269
71094
70878
70846
70814
70665
70546
70507
70752
70827
70932
70828
70763
70677
70835
70860
70643
70477
70420
70187
70124
70447
70330
70180
70388
70269
70231
70264
70264
70357
70435
70458
70359
70304
70159
70275
70152
70073
70153
70020
70001
69915
69841
70202
70506
70394
70306
70380
70494
70436
70461
70509
70515
70356
70350
70260
70190
70214
70554
70414
70507
70318
70566
70386
70404
70441
70548
70624
70512
70552
70399
70413
70479
70628
70620
70696
70917
70957
71116
70987
70810
70816
70786
70661
70704
70899
70825
70816
70877
70740
70434
70507
70653
70580
70368
70197
70201
70041
70028
70014
70219
70254
70059
70069
70071
70115
70102
70016
70077
70085
70237
70298
70418
70493
70730
70623
70361
70371
70675
70599
70773
70572
70797
70892
70964
70889
70993
71093
70887
71141
71126
71372
71491
71061
71209
71133
71122
71176
71170
71253
71253
71156
70931
71122
71092
71319
71404
71478
71372
71377
71390
71512
71452
71413
71438
71359
71295
71378
71484
71313
71331
71491
71501
71530
71568
71398
71461
71511
71275
71151
71129
71030
70885
70996
70948
71220
71199
71184
71121
71300
71300
71537
71311
71301
71349
71292
71311
71300
71137
71207
71271
71370
71220
71219
71184
71328
71137
71042
71063
71244
71140
71075
71057
71114
71136
71091
70863
70728
70754
70676
70894
70998
71003
70864
71053
71232
71369
71259
71319
71274
71248
71415
71172
71052
71096
71031
71077
71151
71145
71208
71058
71032
71086
71020
71239
71291
71124
71185
71098
71251
71145
71189
71212
71136
71053
71114
71289
71376
71480
71415
71434
71301
71151
71464
71298
71181
71010
70973
70907
70977
71037
71130
71044
70892
70964
71188
71132
71300
71233
71558
71537
71539
71525
71593
71456
71484
71546
71538
71254
71257
71363
71358
71450
71237
71214
71310
71674
71669
71426
71509
71464
71671
71665
71706
71575
71603
71822
71869
71851
71718
71650
71680
71566
71800
71905
71973
72057
71832
71768
71594
71557
71645
71435
71290
71593
71452
71361
71415
71617
72002
71891
71831
72147
72302
72324
72286
72200
72359
72109
72137
72019
72026
71842
71732
71884
71935
71966
71810
71915
72060
71879
71786
71754
71859
71755
71743
71877
71896
71908
71795
71658
71461
71520
71468
71236
71601
71829
72002
71755
71746
71735
71734
71877
71995
72043
72144
72216
72137
72094
72082
72217
72234
72089
72199
72069
71821
71879
71803
71802
71795
71640
71574
71712
72088
72234
72106
72147
71945
71734
71706
71643
71853
72100
72222
72172
72040
72135
71894
71822
71949
72124
72076
71779
71842
72133
72203
72036
72167
72278
72431
72346
72538
72510
72580
72409
72355
72240
72160
72063
71990
72070
71756
71540
71482
71707
71820
71831
71832
71643
71628
71605
71585
71599
71657
71751
71834
71627
71503
71370
71209
71306
71265
71225
71031
71043
70996
71205
71350
71347
71162
71398
71234
71418
71395
71779
71680
71747
71730
71795
71988
72252
72289
72322
72312
72130
72118
72391
72442
72288
72238
72133
72011
71944
72179
72418
72270
72145
72275
72443
72656
72606
72668
72544
72760
72585
72454
72479
72475
72331
72288
72390
72375
72096
72257
72244
72413
72549
72662
72500
72697
72918
72844
72804
72798
72745
72678
72647
72615
72618
72687
72496
72356
72435
72305
72328
72336
72302
72396
72346
72617
72976
72748
72693
72710
72892
72927
72982
72711
72632
72619
72622
72698
72537
72469
72478
72544
72690
72723
72785
72703
72775
72849
72837
72907
72961
72978
73017
73064
73247
73119
72948
72927
72812
72970
73079
72870
72779
72813
72934
73000
73100
73176
73342
73355
73514
73243
73221
72977
72919
73141
73123
73367
73382
73202
73198
73091
73101
73021
73230
73323
73148
73007
72931
72874
72592
72515
72741
72684
72872
72846
73163
72968
73080
72768
72982
73002
72793
72858
72943
73176
73175
73130
73182
73038
72923
72915
73142
73142
72979
72654
72523
72488
72587
72597
72377
72466
72558
72389
72430
72420
72507
72567
72531
72721
72681
72647
72597
72672
72669
72897
72923
73132
73249
73074
72835
72850
73012
72913
72908
72847
72843
72886
73127
73025
73083
73296
73345
73277
73378
73147
73320
73381
73153
73299
73018
73169
73138
73274
73285
73376
73309
73204
73017
72997
73082
73160
73018
72886
72706
72937
72861
73135
72953
72832
72828
72663
72735
72724
72868
72845
73071
73023
73070
73179
73488
73461
73145
73232
73404
73266
73284
73111
73144
73176
72982
73024
72900
72908
73091
73348
73358
73438
73399
73171
73175
73218
73158
72857
72971
72780
72831
73023
72879
73059
72856
72844
72824
72981
73171
73129
73302
73226
73126
73073
72947
73092
73093
73126
73032
72911
72869
72800
73136
73097
72916
72912
72778
72783
72813
72894
72972
73019
73261
73384
